| Username             | Total      | Hour 00-01 | Hour 01-02 | Hour 02-03 | Hour 03-04 | Hour 04-05 | Hour 05-06 | Hour 06-07 | Hour 07-08 | Hour 08-09 | Hour 09-10 | Hour 10-11 | Hour 11-12 | Hour 12-13 | Hour 13-14 | Hour 14-15 | Hour 15-16 | Hour 16-17 | Hour 17-18 | Hour 18-19 | Hour 19-20 | Hour 20-21 | Hour 21-22 | Hour 22-23 | Hour23-24 |
|----------------------|------------|------------|------------|------------|------------|------------|------------|------------|------------|------------|------------|------------|------------|------------|------------|------------|------------|------------|------------|------------|------------|------------|------------|------------|-----------|
|amazingpikachu_38     | 1209926    | 136755     | 122287     | 69659      | 20962      | 5743       | 2273       | 586        | 516        | 1          | 1          | 1214       | 3710       | 10471      | 20459      | 37630      | 41974      | 49723      | 49754      | 55332      | 91203      | 125754     | 141688     | 130384     | 91847     |
|TOP_20                | 1015547    | 80585      | 69914      | 43782      | 31171      | 29744      | 21461      | 19562      | 14134      | 10519      | 11263      | 8819       | 16165      | 24794      | 37529      | 42803      | 46880      | 45489      | 46120      | 57365      | 57935      | 70223      | 77802      | 76196      | 75292     |
|dominodan123          | 887698     | 68454      | 41026      | 28117      | 22045      | 6398       | 452        | 10         | 2          | 9          | 76         | 228        | 6162       | 10647      | 32121      | 43547      | 40481      | 53326      | 80201      | 84487      | 84856      | 85574      | 67102      | 62265      | 70112     |
|davidjl123            | 512113     | 40537      | 25073      | 10086      | 2970       | 531        | 8          | 5          | 164        | 711        | 5166       | 8537       | 6413       | 10500      | 16101      | 25129      | 16518      | 29054      | 53572      | 51219      | 47766      | 46465      | 39119      | 42444      | 34025     |
|smarvin6689           | 458250     | 48882      | 46979      | 29371      | 15676      | 9358       | 3861       | 1452       | 502        | 10         | 65         | 388        | 8179       | 10781      | 17388      | 18083      | 19438      | 13675      | 22163      | 31295      | 29386      | 24178      | 34258      | 30679      | 42203     |
|Chalupa_Dad           | 400216     | 45961      | 46784      | 20652      | 16521      | 12097      | 13003      | 11526      | 3690       | 560        | 2434       | 3215       | 2607       | 2076       | 9209       | 15353      | 15765      | 18335      | 15452      | 18739      | 23490      | 24212      | 20031      | 31855      | 26649     |
|Smartstocks           | 390655     | 21522      | 20853      | 20105      | 16023      | 14169      | 8942       | 5436       | 6192       | 5863       | 7421       | 3966       | 4684       | 6709       | 12220      | 21349      | 22807      | 25097      | 31997      | 26430      | 26444      | 25644      | 21240      | 16243      | 19299     |
|piyushsharma301       | 305674     | 3305       | 6434       | 17705      | 20017      | 16680      | 13498      | 14122      | 11896      | 17016      | 15806      | 11581      | 11332      | 15852      | 19163      | 19989      | 24593      | 22278      | 17693      | 14691      | 4901       | 1578       | 2298       | 2335       | 911       |
|gordonpt8             | 253225     | 27860      | 24609      | 21981      | 14775      | 9359       | 1403       | 19         | 1          | 0          | 0          | 26         | 82         | 1163       | 6960       | 10428      | 11616      | 10692      | 9941       | 13930      | 15850      | 18183      | 21187      | 18930      | 14230     |
|QuestoGuy             | 251312     | 21528      | 19745      | 17788      | 13726      | 8110       | 6789       | 10912      | 12769      | 13549      | 17702      | 12689      | 4500       | 1793       | 482        | 3          | 1          | 0          | 1          | 27         | 2983       | 14118      | 24548      | 25361      | 22188     |
|artbn                 | 212227     | 36819      | 23845      | 7836       | 450        | 163        | 22         | 12         | 44         | 167        | 445        | 2026       | 3599       | 6599       | 9223       | 6582       | 8488       | 8729       | 8105       | 10723      | 11785      | 13062      | 13478      | 12562      | 27463     |
|qwertylool            | 204742     | 19617      | 20733      | 9673       | 5827       | 2298       | 1693       | 19         | 4          | 14         | 589        | 555        | 441        | 3965       | 6163       | 3437       | 6264       | 10761      | 12339      | 12769      | 11594      | 23470      | 24745      | 12575      | 15197     |
|LeinadSpoon           | 202642     | 1506       | 56         | 374        | 164        | 0          | 0          | 4          | 28         | 66         | 7163       | 14862      | 11949      | 13563      | 19196      | 20238      | 23498      | 20714      | 19178      | 14288      | 7416       | 5549       | 6780       | 9494       | 6556      |
|Tranquilsunrise       | 188252     | 24711      | 25130      | 21378      | 15199      | 7245       | 5980       | 2000       | 797        | 181        | 227        | 454        | 349        | 680        | 562        | 595        | 1596       | 3698       | 6870       | 7669       | 7099       | 12819      | 16044      | 12883      | 14086     |
|DemonBurritoCat       | 165409     | 9530       | 1518       | 3070       | 59         | 3          | 3          | 2          | 14         | 18         | 217        | 942        | 6889       | 7491       | 3144       | 9382       | 8636       | 8499       | 6634       | 11616      | 10479      | 15877      | 23760      | 16511      | 21115     |
|co3_carbonate         | 143124     | 12388      | 11377      | 11460      | 13580      | 11480      | 7979       | 11345      | 8357       | 7092       | 9459       | 10591      | 3310       | 55         | 40         | 0          | 0          | 0          | 0          | 0          | 28         | 743        | 2163       | 9163       | 12514     |
|rideride              | 128800     | 12527      | 11774      | 14937      | 7566       | 1966       | 79         | 3          | 1          | 21         | 2          | 2013       | 3561       | 5675       | 6969       | 7106       | 2895       | 6046       | 6619       | 2632       | 2436       | 7175       | 6516       | 11196      | 9085      |
|Iamspeedy36           | 109731     | 9542       | 8186       | 2410       | 1070       | 504        | 7          | 2          | 13         | 36         | 565        | 2080       | 3224       | 5197       | 5945       | 5808       | 4953       | 4111       | 4075       | 3193       | 6306       | 10421      | 11398      | 11076      | 9609      |
|rschaosid             | 97180      | 6694       | 5792       | 5418       | 3030       | 574        | 1239       | 872        | 13         | 47         | 122        | 1475       | 2394       | 2398       | 2842       | 4797       | 3669       | 4935       | 7359       | 8478       | 7856       | 6024       | 7333       | 7465       | 6354      |
|abplows               | 94586      | 14747      | 13224      | 6491       | 3719       | 237        | 77         | 1          | 1          | 1          | 8          | 77         | 371        | 1485       | 3392       | 3733       | 2454       | 4020       | 2897       | 2459       | 2786       | 5167       | 6643       | 8335       | 12261     |
|VitaminB16            | 68450      | 2185       | 1816       | 189        | 582        | 164        | 600        | 105        | 131        | 930        | 3514       | 777        | 416        | 967        | 1697       | 2588       | 667        | 3406       | 6268       | 9572       | 10218      | 5842       | 7854       | 7535       | 427       |
|Majestic_Bear         | 54831      | 2472       | 2527       | 2854       | 3148       | 7601       | 5800       | 5191       | 3834       | 3690       | 1858       | 958        | 89         | 0          | 0          | 1          | 4          | 1          | 1578       | 1066       | 2616       | 2154       | 2377       | 1618       | 3394      |
|parker_cube           | 49733      | 6127       | 3379       | 211        | 20         | 1          | 0          | 0          | 0          | 0          | 55         | 63         | 127        | 1611       | 1809       | 1393       | 3215       | 1035       | 1477       | 4536       | 4639       | 4395       | 5658       | 5014       | 4968      |
|KingCaspianX          | 46037      | 3581       | 2832       | 3479       | 3908       | 3874       | 2310       | 1594       | 1461       | 280        | 433        | 1          | 0          | 0          | 0          | 0          | 2          | 548        | 2123       | 4220       | 3783       | 2749       | 2497       | 3566       | 2796      |
|TOP_6689              | 43560      | 8034       | 5548       | 1856       | 683        | 126        | 115        | 5          | 2          | 2          | 2          | 10         | 20         | 1277       | 1911       | 1374       | 1445       | 1501       | 3114       | 3174       | 1422       | 1801       | 2625       | 3526       | 3987      |
|Flat-Mars-Society     | 39924      | 313        | 2          | 36         | 1          | 3          | 4          | 2          | 13         | 12         | 36         | 24         | 155        | 3084       | 7235       | 6324       | 5209       | 3820       | 2832       | 3108       | 1302       | 252        | 102        | 2929       | 3126      |
|NobodyL0vesMe         | 31740      | 494        | 2          | 0          | 0          | 0          | 2          | 1          | 529        | 32         | 948        | 1194       | 1955       | 3431       | 1836       | 2572       | 2146       | 2694       | 3693       | 2440       | 533        | 2315       | 2105       | 1361       | 1457      |
|MrBahr12              | 30984      | 5095       | 1853       | 231        | 411        | 2          | 1          | 0          | 3          | 22         | 6          | 410        | 467        | 2091       | 1304       | 2730       | 872        | 2157       | 1582       | 656        | 1355       | 1771       | 3094       | 1163       | 3708      |
|darthvader1521        | 29971      | 8202       | 2543       | 1231       | 572        | 0          | 0          | 0          | 0          | 0          | 0          | 0          | 0          | 2          | 175        | 614        | 2194       | 49         | 598        | 1362       | 485        | 2073       | 2275       | 2625       | 4971      |
|randomusername123458  | 28790      | 2387       | 1666       | 907        | 11         | 0          | 0          | 0          | 2          | 1          | 63         | 36         | 578        | 1513       | 2958       | 2273       | 1454       | 2606       | 1469       | 1152       | 626        | 2795       | 2764       | 879        | 2650      |
|Kris18                | 27799      | 2592       | 2301       | 922        | 1102       | 1567       | 308        | 1          | 2          | 0          | 0          | 1          | 0          | 0          | 1          | 4          | 99         | 2814       | 4693       | 3933       | 3463       | 1739       | 254        | 23         | 1980      |
|None                  | 27163      | 846        | 252        | 0          | 0          | 0          | 3          | 6          | 9          | 3          | 4          | 9          | 25         | 28         | 1591       | 1744       | 2113       | 3809       | 1600       | 1490       | 3309       | 3380       | 4979       | 1957       | 6         |
|xHOCKEYx12            | 25618      | 2002       | 2414       | 784        | 1454       | 1186       | 2844       | 3397       | 1391       | 534        | 124        | 3          | 0          | 0          | 0          | 0          | 0          | 4          | 493        | 521        | 500        | 1684       | 2044       | 2110       | 2129      |
|Capitanbublo          | 19001      | 0          | 0          | 1          | 25         | 145        | 12         | 991        | 366        | 115        | 33         | 63         | 3          | 1073       | 701        | 3889       | 1553       | 1162       | 3226       | 3018       | 1013       | 1220       | 392        | 0          | 0         |
|Chalupa_Dude          | 15902      | 946        | 2162       | 1261       | 581        | 84         | 342        | 28         | 17         | 7          | 8          | 9          | 23         | 1091       | 1638       | 795        | 214        | 914        | 978        | 1598       | 1399       | 499        | 211        | 168        | 929       |
|supersammy00          | 15597      | 528        | 1588       | 1742       | 992        | 1305       | 2370       | 343        | 217        | 5          | 1737       | 0          | 1          | 0          | 0          | 0          | 0          | 1          | 12         | 702        | 680        | 1263       | 999        | 923        | 189       |
|albert471             | 8830       | 963        | 1027       | 18         | 8          | 1          | 1          | 0          | 0          | 0          | 0          | 0          | 7          | 564        | 236        | 126        | 177        | 222        | 167        | 702        | 65         | 1213       | 1009       | 960        | 1364      |
|SolidGoldMagikarp     | 8125       | 899        | 786        | 463        | 476        | 120        | 45         | 110        | 33         | 3          | 1          | 16         | 24         | 64         | 1045       | 361        | 207        | 576        | 227        | 172        | 738        | 540        | 479        | 165        | 575       |
|xXnapa1mXx            | 7976       | 204        | 645        | 486        | 0          | 603        | 2          | 246        | 0          | 0          | 3          | 4          | 1          | 18         | 9          | 9          | 365        | 148        | 97         | 436        | 40         | 1301       | 1006       | 1063       | 1290      |
|Removedpixel          | 7856       | 35         | 6          | 20         | 53         | 38         | 158        | 72         | 257        | 232        | 237        | 485        | 861        | 796        | 577        | 920        | 419        | 281        | 413        | 404        | 395        | 583        | 421        | 146        | 47        |
|GrunfTNT              | 7749       | 127        | 61         | 4          | 9          | 9          | 9          | 21         | 12         | 11         | 16         | 752        | 56         | 19         | 96         | 416        | 633        | 1182       | 1486       | 503        | 1094       | 434        | 440        | 115        | 244       |
|Luigi86101            | 7162       | 232        | 330        | 7          | 0          | 0          | 0          | 0          | 0          | 0          | 0          | 0          | 0          | 0          | 659        | 102        | 369        | 1421       | 1092       | 444        | 228        | 906        | 646        | 347        | 379       |
|Lifeofchrome          | 6836       | 317        | 555        | 131        | 0          | 0          | 0          | 0          | 0          | 0          | 0          | 97         | 22         | 182        | 443        | 59         | 442        | 790        | 945        | 219        | 10         | 377        | 788        | 762        | 697       |
|MewDP                 | 6423       | 187        | 271        | 340        | 219        | 148        | 1          | 2          | 1          | 0          | 0          | 2          | 78         | 96         | 362        | 2137       | 470        | 422        | 380        | 79         | 103        | 252        | 103        | 220        | 550       |
|CarbonSpectre         | 6223       | 574        | 467        | 684        | 65         | 24         | 46         | 81         | 1137       | 287        | 130        | 803        | 549        | 792        | 274        | 15         | 14         | 0          | 0          | 1          | 0          | 0          | 8          | 84         | 188       |
|TheNitromeFan         | 6131       | 40         | 100        | 115        | 218        | 242        | 142        | 27         | 58         | 164        | 331        | 348        | 877        | 915        | 1402       | 810        | 65         | 38         | 18         | 18         | 68         | 29         | 67         | 15         | 24        |
|animatedtwig          | 5885       | 949        | 476        | 413        | 0          | 0          | 3          | 0          | 1          | 3          | 1          | 2          | 59         | 210        | 297        | 13         | 76         | 70         | 13         | 0          | 175        | 601        | 1977       | 203        | 343       |
|orangey10             | 5496       | 91         | 34         | 0          | 0          | 0          | 0          | 0          | 2          | 336        | 3          | 496        | 2          | 94         | 328        | 336        | 201        | 585        | 2          | 438        | 224        | 739        | 996        | 344        | 245       |
|TheGlobeIsRound       | 5279       | 470        | 435        | 505        | 246        | 62         | 541        | 90         | 225        | 342        | 213        | 0          | 0          | 0          | 0          | 0          | 0          | 0          | 0          | 0          | 5          | 268        | 867        | 677        | 333       |
|thetiredlemur         | 5069       | 496        | 513        | 1099       | 1276       | 557        | 0          | 0          | 0          | 0          | 0          | 0          | 0          | 0          | 0          | 0          | 125        | 206        | 0          | 0          | 0          | 0          | 0          | 99         | 698       |
|_ntrpy                | 4840       | 0          | 0          | 0          | 0          | 0          | 7          | 98         | 317        | 192        | 319        | 68         | 130        | 329        | 518        | 1210       | 655        | 692        | 305        | 0          | 0          | 0          | 0          | 0          | 0         |
|Whit4You              | 4665       | 663        | 116        | 201        | 124        | 31         | 288        | 212        | 118        | 79         | 262        | 1          | 0          | 0          | 387        | 17         | 442        | 312        | 298        | 400        | 50         | 112        | 18         | 190        | 344       |
|kinetic37             | 4201       | 0          | 0          | 0          | 0          | 0          | 8          | 2          | 5          | 0          | 0          | 1          | 8          | 297        | 2          | 5          | 960        | 703        | 1311       | 658        | 241        | 0          | 0          | 0          | 0         |
|kdiuro13              | 4162       | 393        | 812        | 314        | 28         | 6          | 0          | 0          | 0          | 0          | 0          | 3          | 392        | 470        | 702        | 72         | 35         | 6          | 224        | 4          | 5          | 103        | 486        | 69         | 38        |
|PM_ME_STOCK_PICS      | 3366       | 175        | 455        | 79         | 19         | 25         | 131        | 0          | 0          | 0          | 0          | 0          | 0          | 0          | 98         | 1          | 2          | 310        | 73         | 396        | 308        | 270        | 189        | 644        | 191       |
|o99o99                | 3321       | 1          | 0          | 40         | 45         | 28         | 22         | 32         | 54         | 25         | 64         | 266        | 79         | 743        | 125        | 157        | 216        | 328        | 431        | 332        | 184        | 67         | 69         | 12         | 1         |
|cro4_chromate         | 3297       | 1194       | 792        | 284        | 180        | 50         | 31         | 26         | 12         | 8          | 3          | 2          | 9          | 12         | 10         | 9          | 22         | 18         | 31         | 113        | 33         | 39         | 193        | 144        | 82        |
|ExSeaD                | 3266       | 0          | 0          | 0          | 0          | 0          | 9          | 14         | 20         | 7          | 16         | 29         | 90         | 174        | 248        | 112        | 283        | 35         | 56         | 538        | 1353       | 241        | 40         | 0          | 1         |
|DontCareILoveIt       | 3240       | 1587       | 5          | 5          | 2          | 0          | 7          | 4          | 0          | 0          | 0          | 0          | 0          | 4          | 4          | 9          | 23         | 219        | 68         | 288        | 4          | 557        | 152        | 180        | 122       |
|_unbreakmyheart_      | 3235       | 186        | 0          | 441        | 0          | 1          | 1          | 0          | 1684       | 495        | 0          | 0          | 0          | 0          | 0          | 0          | 0          | 0          | 0          | 19         | 0          | 187        | 1          | 0          | 220       |
|Urbul                 | 3213       | 198        | 407        | 748        | 674        | 225        | 32         | 0          | 0          | 1          | 0          | 0          | 3          | 0          | 9          | 20         | 1          | 156        | 446        | 77         | 92         | 15         | 26         | 6          | 77        |
|WGJC8463              | 3094       | 0          | 0          | 9          | 76         | 313        | 373        | 38         | 113        | 83         | 10         | 13         | 11         | 17         | 130        | 449        | 593        | 645        | 210        | 10         | 0          | 0          | 1          | 0          | 0         |
|nlfn                  | 2988       | 245        | 0          | 1          | 0          | 0          | 0          | 0          | 0          | 0          | 0          | 1          | 2          | 3          | 305        | 204        | 0          | 514        | 226        | 231        | 9          | 976        | 271        | 0          | 0         |
|hardyer               | 2978       | 2          | 975        | 490        | 0          | 0          | 501        | 260        | 1          | 1          | 157        | 505        | 47         | 1          | 38         | 0          | 0          | 0          | 0          | 0          | 0          | 0          | 0          | 0          | 0         |
|bluesolid             | 2959       | 54         | 0          | 0          | 0          | 0          | 0          | 0          | 0          | 14         | 527        | 85         | 60         | 38         | 235        | 76         | 12         | 366        | 112        | 123        | 48         | 326        | 315        | 290        | 278       |
|ryan2222              | 2934       | 542        | 240        | 696        | 101        | 17         | 86         | 77         | 446        | 0          | 1          | 1          | 2          | 2          | 1          | 3          | 35         | 0          | 2          | 33         | 32         | 82         | 440        | 21         | 74        |
|bo3_borate            | 2919       | 758        | 143        | 168        | 0          | 0          | 0          | 0          | 0          | 0          | 0          | 1          | 0          | 3          | 5          | 203        | 329        | 3          | 0          | 0          | 375        | 1          | 728        | 200        | 2         |
|Count-a-Saurus        | 2831       | 16         | 19         | 21         | 76         | 57         | 1          | 1          | 10         | 9          | 181        | 241        | 84         | 703        | 541        | 377        | 16         | 5          | 3          | 0          | 1          | 61         | 402        | 6          | 0         |
|TOP_0                 | 2819       | 114        | 964        | 98         | 93         | 1          | 0          | 0          | 0          | 0          | 0          | 0          | 2          | 1          | 6          | 0          | 0          | 5          | 5          | 3          | 70         | 267        | 1003       | 186        | 1         |
|10CountsADay          | 2734       | 29         | 46         | 0          | 1          | 0          | 0          | 0          | 2          | 0          | 1          | 0          | 0          | 30         | 177        | 21         | 40         | 313        | 448        | 0          | 133        | 649        | 219        | 539        | 86        |
|TheBestNumberOfHats   | 2710       | 3          | 122        | 0          | 1          | 1          | 0          | 0          | 1          | 0          | 4          | 13         | 244        | 8          | 825        | 752        | 9          | 6          | 9          | 8          | 175        | 96         | 9          | 122        | 302       |
|HiddenMafia           | 2608       | 57         | 84         | 292        | 103        | 283        | 0          | 0          | 0          | 0          | 0          | 113        | 11         | 38         | 389        | 59         | 51         | 346        | 102        | 18         | 37         | 97         | 0          | 400        | 128       |
|PhiDood               | 2507       | 0          | 0          | 0          | 0          | 0          | 0          | 0          | 0          | 0          | 0          | 0          | 117        | 81         | 286        | 304        | 469        | 610        | 473        | 160        | 0          | 0          | 0          | 5          | 2         |
|scottm3               | 2500       | 18         | 5          | 170        | 213        | 8          | 671        | 44         | 425        | 87         | 0          | 0          | 0          | 0          | 0          | 0          | 0          | 0          | 0          | 125        | 60         | 64         | 410        | 173        | 27        |
|NubCaeks              | 2452       | 0          | 0          | 0          | 0          | 0          | 0          | 0          | 0          | 0          | 4          | 1          | 0          | 0          | 261        | 168        | 286        | 846        | 57         | 88         | 0          | 741        | 0          | 0          | 0         |
|PrinceCrinkle         | 2440       | 284        | 4          | 79         | 0          | 0          | 0          | 0          | 0          | 0          | 1          | 0          | 6          | 9          | 1          | 29         | 1          | 175        | 238        | 345        | 387        | 159        | 419        | 110        | 193       |
|DanTheStripe          | 2189       | 0          | 0          | 0          | 0          | 0          | 0          | 0          | 0          | 0          | 1          | 1          | 3          | 3          | 0          | 7          | 377        | 71         | 167        | 515        | 411        | 19         | 46         | 567        | 1         |
|r_livecounting        | 2067       | 30         | 376        | 105        | 0          | 0          | 0          | 0          | 0          | 0          | 0          | 0          | 0          | 909        | 1          | 0          | 408        | 0          | 0          | 0          | 73         | 7          | 157        | 0          | 1         |
|Mooraell              | 2025       | 65         | 65         | 179        | 81         | 114        | 24         | 28         | 205        | 57         | 21         | 21         | 19         | 23         | 8          | 40         | 26         | 42         | 64         | 41         | 222        | 384        | 95         | 105        | 96        |
|VitaminG420           | 2022       | 490        | 0          | 0          | 0          | 0          | 0          | 0          | 0          | 0          | 0          | 0          | 0          | 0          | 0          | 0          | 0          | 0          | 3          | 2          | 416        | 486        | 61         | 26         | 538       |
|dylantherabbit2016    | 2008       | 3          | 0          | 0          | 0          | 0          | 0          | 0          | 0          | 165        | 211        | 339        | 232        | 42         | 17         | 26         | 133        | 313        | 3          | 0          | 11         | 1          | 3          | 503        | 6         |
|the_researcher        | 1961       | 82         | 503        | 148        | 4          | 1          | 0          | 0          | 0          | 0          | 0          | 0          | 1          | 423        | 302        | 0          | 1          | 0          | 8          | 6          | 88         | 8          | 0          | 368        | 18        |
|4FrSw                 | 1929       | 0          | 0          | 0          | 0          | 0          | 1          | 0          | 1          | 138        | 0          | 0          | 160        | 176        | 372        | 545        | 426        | 105        | 0          | 5          | 0          | 0          | 0          | 0          | 0         |
|MissBobLoblaw4        | 1873       | 137        | 168        | 152        | 1          | 0          | 0          | 0          | 0          | 0          | 0          | 0          | 0          | 26         | 112        | 342        | 36         | 0          | 8          | 68         | 88         | 183        | 135        | 251        | 166       |
|candcshow             | 1869       | 920        | 188        | 1          | 0          | 0          | 0          | 0          | 0          | 0          | 0          | 0          | 1          | 2          | 2          | 3          | 27         | 0          | 7          | 34         | 8          | 8          | 118        | 7          | 543       |
|Franz_Mueller         | 1863       | 843        | 274        | 2          | 1          | 1          | 0          | 0          | 0          | 0          | 0          | 0          | 4          | 102        | 1          | 1          | 2          | 1          | 0          | 0          | 49         | 8          | 384        | 0          | 190       |
|NFSHaloSC2            | 1849       | 20         | 148        | 257        | 30         | 355        | 231        | 228        | 94         | 58         | 33         | 40         | 34         | 0          | 0          | 0          | 0          | 0          | 0          | 0          | 0          | 1          | 34         | 95         | 191       |
|c2h3o2_acetate        | 1809       | 744        | 617        | 282        | 48         | 2          | 1          | 0          | 0          | 0          | 0          | 1          | 0          | 1          | 6          | 6          | 2          | 3          | 4          | 1          | 10         | 67         | 2          | 1          | 11        |
|geogeo3               | 1806       | 2          | 0          | 2          | 1          | 0          | 0          | 1          | 2          | 1          | 0          | 5          | 0          | 1          | 6          | 0          | 665        | 6          | 0          | 6          | 79         | 317        | 258        | 126        | 328       |
|Unihedron             | 1805       | 0          | 0          | 0          | 0          | 232        | 3          | 3          | 6          | 0          | 0          | 0          | 72         | 659        | 597        | 11         | 0          | 0          | 73         | 149        | 0          | 0          | 0          | 0          | 0         |
|livecounting          | 1730       | 626        | 17         | 7          | 0          | 0          | 0          | 0          | 0          | 0          | 0          | 0          | 0          | 4          | 1          | 5          | 2          | 0          | 2          | 2          | 386        | 3          | 359        | 0          | 316       |
|TOP_27                | 1710       | 6          | 0          | 18         | 3          | 424        | 7          | 1          | 0          | 0          | 0          | 0          | 1          | 0          | 1          | 1          | 3          | 0          | 2          | 0          | 344        | 639        | 4          | 71         | 185       |
|pointychimp           | 1692       | 67         | 29         | 49         | 35         | 8          | 0          | 0          | 0          | 0          | 0          | 0          | 2          | 4          | 171        | 84         | 299        | 405        | 384        | 59         | 6          | 1          | 10         | 29         | 50        |
|srmpass               | 1686       | 327        | 0          | 0          | 48         | 5          | 0          | 9          | 0          | 0          | 0          | 0          | 0          | 98         | 49         | 7          | 161        | 0          | 50         | 344        | 0          | 100        | 220        | 15         | 253       |
|Leolight              | 1619       | 0          | 0          | 0          | 362        | 467        | 0          | 0          | 0          | 0          | 0          | 1          | 0          | 0          | 0          | 0          | 0          | 0          | 0          | 0          | 0          | 0          | 0          | 485        | 304       |
|PM_ME_UR_PINEAPPLE    | 1617       | 0          | 0          | 0          | 0          | 0          | 0          | 0          | 0          | 0          | 0          | 0          | 4          | 355        | 173        | 210        | 564        | 0          | 50         | 74         | 187        | 0          | 0          | 0          | 0         |
|Lonadont              | 1606       | 0          | 0          | 10         | 9          | 13         | 0          | 0          | 1          | 9          | 423        | 41         | 41         | 26         | 104        | 186        | 109        | 117        | 54         | 284        | 179        | 0          | 0          | 0          | 0         |
|1300chickens          | 1598       | 417        | 134        | 81         | 3          | 0          | 0          | 0          | 0          | 0          | 0          | 0          | 0          | 0          | 1          | 47         | 57         | 94         | 47         | 50         | 38         | 15         | 155        | 264        | 195       |
|s18541                | 1585       | 0          | 0          | 0          | 0          | 0          | 0          | 0          | 0          | 0          | 0          | 0          | 0          | 0          | 0          | 474        | 1039       | 3          | 2          | 67         | 0          | 0          | 0          | 0          | 0         |
|stalkcm               | 1572       | 154        | 3          | 0          | 193        | 0          | 0          | 0          | 0          | 0          | 0          | 0          | 0          | 0          | 1          | 3          | 29         | 0          | 7          | 11         | 23         | 320        | 231        | 229        | 368       |
|80sFan02              | 1562       | 0          | 0          | 0          | 0          | 0          | 0          | 0          | 1          | 167        | 60         | 225        | 27         | 418        | 1          | 0          | 0          | 0          | 201        | 383        | 0          | 79         | 0          | 0          | 0         |
|LewisMCYoutube        | 1556       | 140        | 37         | 14         | 33         | 0          | 0          | 0          | 0          | 0          | 0          | 0          | 0          | 3          | 8          | 0          | 3          | 77         | 383        | 133        | 88         | 333        | 136        | 65         | 103       |
|Antichess             | 1528       | 43         | 24         | 328        | 104        | 1          | 0          | 0          | 0          | 0          | 0          | 53         | 6          | 189        | 21         | 8          | 37         | 13         | 7          | 10         | 1          | 331        | 284        | 11         | 57        |
|alemagno12            | 1494       | 0          | 0          | 0          | 0          | 0          | 0          | 0          | 0          | 0          | 0          | 0          | 0          | 24         | 2          | 631        | 707        | 0          | 2          | 127        | 1          | 0          | 0          | 0          | 0         |
|Diggydiggywatwat      | 1493       | 36         | 22         | 2          | 0          | 0          | 0          | 0          | 0          | 0          | 0          | 2          | 0          | 0          | 1          | 2          | 15         | 29         | 0          | 0          | 372        | 303        | 454        | 124        | 131       |
|nomaur2               | 1452       | 140        | 488        | 98         | 53         | 0          | 0          | 0          | 0          | 0          | 0          | 0          | 0          | 0          | 0          | 1          | 3          | 2          | 99         | 0          | 99         | 256        | 0          | 48         | 165       |
|zotc                  | 1339       | 2          | 0          | 0          | 67         | 142        | 0          | 0          | 0          | 0          | 0          | 3          | 7          | 34         | 1          | 1          | 1          | 2          | 269        | 697        | 110        | 1          | 1          | 1          | 0         |
|origamimissile        | 1308       | 235        | 368        | 75         | 5          | 16         | 34         | 1          | 0          | 0          | 0          | 0          | 1          | 6          | 93         | 11         | 31         | 226        | 0          | 6          | 22         | 26         | 36         | 6          | 110       |
|asdfghpoop            | 1273       | 61         | 473        | 305        | 60         | 19         | 0          | 0          | 0          | 0          | 0          | 0          | 0          | 0          | 0          | 0          | 0          | 0          | 2          | 70         | 0          | 0          | 180        | 47         | 56        |
|UnsuccessfulAtLife    | 1262       | 30         | 153        | 131        | 44         | 6          | 1          | 0          | 0          | 0          | 0          | 1          | 9          | 73         | 10         | 55         | 14         | 172        | 46         | 38         | 106        | 97         | 16         | 104        | 156       |
|SuppleZombieCat       | 1242       | 4          | 268        | 607        | 0          | 261        | 97         | 1          | 0          | 0          | 0          | 0          | 0          | 0          | 0          | 1          | 3          | 0          | 0          | 0          | 0          | 0          | 0          | 0          | 0         |
|jillis6               | 1200       | 0          | 0          | 0          | 0          | 0          | 0          | 0          | 0          | 5          | 0          | 0          | 0          | 87         | 150        | 0          | 0          | 0          | 28         | 300        | 329        | 300        | 1          | 0          | 0         |
|Grief24               | 1197       | 60         | 6          | 68         | 0          | 0          | 0          | 0          | 0          | 2          | 0          | 0          | 1          | 0          | 0          | 1          | 4          | 2          | 235        | 64         | 58         | 153        | 102        | 228        | 213       |
|CantStopLookingAtMe   | 1195       | 174        | 186        | 53         | 178        | 0          | 0          | 5          | 0          | 0          | 299        | 4          | 129        | 4          | 0          | 3          | 0          | 2          | 1          | 0          | 138        | 0          | 0          | 1          | 18        |
|Adinida               | 1118       | 54         | 33         | 2          | 8          | 0          | 0          | 0          | 0          | 0          | 0          | 0          | 0          | 0          | 4          | 90         | 70         | 161        | 3          | 0          | 100        | 116        | 2          | 135        | 340       |
|TOP_2017              | 1096       | 123        | 149        | 330        | 0          | 0          | 0          | 0          | 0          | 0          | 0          | 0          | 0          | 0          | 0          | 0          | 0          | 0          | 211        | 282        | 0          | 0          | 0          | 1          | 0         |
|OffendedOrBusy        | 1082       | 413        | 0          | 0          | 64         | 8          | 0          | 4          | 0          | 0          | 0          | 0          | 0          | 0          | 0          | 0          | 0          | 0          | 0          | 3          | 127        | 22         | 306        | 4          | 131       |
|MIGHTY_BUSH_OVERLORD  | 1065       | 0          | 228        | 150        | 4          | 373        | 107        | 0          | 0          | 0          | 0          | 0          | 0          | 0          | 0          | 0          | 0          | 1          | 115        | 87         | 0          | 0          | 0          | 0          | 0         |
|haykam821             | 1057       | 90         | 40         | 78         | 0          | 45         | 0          | 0          | 0          | 0          | 0          | 38         | 5          | 0          | 108        | 179        | 2          | 0          | 0          | 0          | 0          | 0          | 0          | 30         | 442       |
|ralgrado              | 1051       | 0          | 0          | 0          | 0          | 40         | 171        | 184        | 15         | 8          | 6          | 26         | 68         | 47         | 45         | 33         | 60         | 125        | 90         | 90         | 16         | 15         | 8          | 1          | 3         |
|OhTrueful             | 1024       | 173        | 405        | 3          | 0          | 0          | 0          | 0          | 0          | 0          | 0          | 3          | 4          | 15         | 2          | 254        | 2          | 1          | 1          | 0          | 0          | 1          | 47         | 27         | 86        |
|JobyJumble            | 997        | 1          | 29         | 334        | 0          | 0          | 0          | 0          | 0          | 0          | 0          | 0          | 3          | 184        | 0          | 0          | 2          | 0          | 0          | 7          | 0          | 0          | 0          | 437        | 0         |
|chilliconcarnival     | 957        | 16         | 24         | 97         | 367        | 2          | 7          | 2          | 1          | 1          | 1          | 0          | 0          | 0          | 0          | 0          | 0          | 0          | 0          | 0          | 0          | 10         | 150        | 1          | 278       |
|sbb618                | 948        | 21         | 55         | 9          | 0          | 4          | 0          | 0          | 0          | 0          | 0          | 1          | 0          | 0          | 0          | 3          | 1          | 122        | 20         | 2          | 0          | 1          | 233        | 368        | 108       |
|What-Porque           | 912        | 114        | 39         | 184        | 61         | 2          | 0          | 0          | 0          | 0          | 0          | 0          | 0          | 0          | 3          | 1          | 94         | 70         | 30         | 36         | 1          | 41         | 49         | 94         | 93        |
|Periodist             | 900        | 1          | 0          | 0          | 0          | 234        | 48         | 7          | 558        | 9          | 10         | 5          | 3          | 0          | 0          | 15         | 1          | 1          | 0          | 0          | 0          | 2          | 6          | 0          | 0         |
|username111112222233  | 873        | 246        | 104        | 3          | 1          | 1          | 0          | 0          | 0          | 0          | 0          | 0          | 0          | 0          | 0          | 1          | 0          | 0          | 0          | 123        | 127        | 0          | 2          | 3          | 262       |
|purpleSoos            | 852        | 119        | 1          | 0          | 0          | 0          | 0          | 0          | 0          | 0          | 1          | 1          | 1          | 1          | 0          | 2          | 1          | 122        | 82         | 277        | 11         | 90         | 72         | 66         | 5         |
|DruidNick             | 806        | 176        | 630        | 0          | 0          | 0          | 0          | 0          | 0          | 0          | 0          | 0          | 0          | 0          | 0          | 0          | 0          | 0          | 0          | 0          | 0          | 0          | 0          | 0          | 0         |
|Jzkqm                 | 805        | 499        | 290        | 0          | 0          | 0          | 0          | 0          | 0          | 0          | 0          | 0          | 0          | 0          | 0          | 0          | 0          | 0          | 0          | 0          | 0          | 0          | 0          | 0          | 16        |
|AfterShave92          | 788        | 0          | 0          | 0          | 0          | 0          | 92         | 56         | 0          | 0          | 218        | 359        | 0          | 63         | 0          | 0          | 0          | 0          | 0          | 0          | 0          | 0          | 0          | 0          | 0         |
|StanRichson           | 787        | 193        | 12         | 131        | 181        | 0          | 0          | 0          | 0          | 0          | 0          | 0          | 0          | 0          | 0          | 3          | 1          | 34         | 0          | 3          | 28         | 2          | 92         | 52         | 55        |
|cornflowerblue7       | 773        | 0          | 4          | 0          | 244        | 7          | 5          | 31         | 39         | 226        | 121        | 9          | 21         | 8          | 0          | 0          | 0          | 0          | 0          | 0          | 0          | 0          | 58         | 0          | 0         |
|BOTTOM_20             | 731        | 0          | 0          | 8          | 201        | 68         | 27         | 77         | 33         | 1          | 0          | 3          | 3          | 4          | 41         | 29         | 120        | 96         | 1          | 9          | 0          | 0          | 5          | 5          | 0         |
|RandomRedditorWithNo  | 721        | 1          | 3          | 161        | 48         | 278        | 46         | 4          | 51         | 27         | 69         | 23         | 2          | 1          | 0          | 0          | 0          | 0          | 0          | 0          | 1          | 2          | 2          | 2          | 0         |
|zhige                 | 719        | 2          | 2          | 1          | 0          | 0          | 0          | 0          | 0          | 0          | 0          | 11         | 33         | 30         | 49         | 125        | 172        | 230        | 24         | 17         | 0          | 0          | 1          | 4          | 18        |
|CubingVainGlory       | 693        | 0          | 2          | 0          | 0          | 0          | 0          | 0          | 0          | 0          | 0          | 0          | 0          | 67         | 174        | 250        | 3          | 0          | 15         | 120        | 0          | 5          | 0          | 53         | 4         |
|darrensoap            | 681        | 4          | 90         | 3          | 9          | 11         | 17         | 483        | 9          | 3          | 5          | 2          | 1          | 12         | 14         | 5          | 1          | 4          | 2          | 0          | 0          | 0          | 0          | 1          | 5         |
|C2H5OH_ethanol        | 672        | 2          | 102        | 30         | 35         | 175        | 0          | 0          | 0          | 0          | 0          | 0          | 0          | 1          | 0          | 0          | 2          | 2          | 2          | 0          | 321        | 0          | 0          | 0          | 0         |
|jandreiu              | 651        | 16         | 4          | 7          | 22         | 10         | 6          | 9          | 6          | 8          | 8          | 11         | 10         | 78         | 3          | 0          | 3          | 3          | 5          | 7          | 123        | 138        | 115        | 29         | 30        |
|HydrogenHydroxideHOH  | 648        | 2          | 0          | 0          | 0          | 0          | 0          | 0          | 3          | 144        | 0          | 0          | 0          | 0          | 0          | 0          | 0          | 0          | 0          | 0          | 0          | 0          | 316        | 175        | 8         |
|T0P_28                | 645        | 116        | 13         | 0          | 0          | 2          | 0          | 0          | 0          | 0          | 0          | 0          | 0          | 0          | 0          | 3          | 0          | 0          | 0          | 0          | 1          | 0          | 34         | 261        | 215       |
|Koraine               | 636        | 569        | 45         | 0          | 0          | 0          | 1          | 1          | 2          | 2          | 0          | 0          | 0          | 0          | 1          | 0          | 1          | 0          | 2          | 2          | 2          | 2          | 5          | 0          | 1         |
|Born2Count            | 600        | 0          | 318        | 0          | 0          | 0          | 0          | 0          | 0          | 0          | 0          | 0          | 0          | 0          | 0          | 0          | 0          | 0          | 17         | 2          | 2          | 0          | 0          | 0          | 261       |
|IDisageeNotTroll      | 588        | 0          | 0          | 0          | 0          | 0          | 0          | 1          | 1          | 0          | 1          | 50         | 156        | 219        | 160        | 0          | 0          | 0          | 0          | 0          | 0          | 0          | 0          | 0          | 0         |
|SOSFromtheDARKNESS    | 581        | 188        | 0          | 0          | 0          | 0          | 0          | 0          | 0          | 0          | 0          | 0          | 0          | 0          | 0          | 0          | 0          | 0          | 166        | 144        | 0          | 0          | 0          | 83         | 0         |
|TOP_47                | 568        | 85         | 43         | 148        | 3          | 1          | 0          | 0          | 0          | 0          | 0          | 0          | 0          | 0          | 2          | 1          | 2          | 1          | 2          | 15         | 0          | 1          | 45         | 0          | 219       |
|MaybeNotWrong         | 565        | 2          | 0          | 0          | 0          | 0          | 0          | 0          | 0          | 1          | 0          | 39         | 0          | 1          | 0          | 484        | 3          | 0          | 0          | 19         | 16         | 0          | 0          | 0          | 0         |
|Professor__L          | 553        | 6          | 3          | 0          | 0          | 0          | 0          | 0          | 0          | 0          | 0          | 0          | 3          | 7          | 161        | 29         | 0          | 0          | 0          | 54         | 1          | 0          | 222        | 67         | 0         |
|nexeck                | 539        | 0          | 0          | 0          | 0          | 0          | 0          | 0          | 0          | 0          | 0          | 0          | 0          | 0          | 0          | 0          | 0          | 0          | 0          | 352        | 187        | 0          | 0          | 0          | 0         |
|Firedomo              | 534        | 12         | 2          | 1          | 77         | 252        | 0          | 0          | 0          | 0          | 0          | 0          | 0          | 0          | 2          | 0          | 0          | 0          | 0          | 0          | 2          | 0          | 181        | 0          | 5         |
|Sharpeye468           | 532        | 3          | 0          | 8          | 2          | 0          | 0          | 0          | 0          | 0          | 0          | 12         | 0          | 0          | 0          | 0          | 0          | 0          | 1          | 288        | 200        | 3          | 0          | 3          | 12        |
|Level1Snoo            | 532        | 142        | 85         | 0          | 0          | 0          | 0          | 0          | 0          | 0          | 0          | 0          | 0          | 0          | 0          | 1          | 0          | 49         | 0          | 0          | 0          | 0          | 106        | 33         | 116       |
|colby6666             | 524        | 0          | 0          | 0          | 329        | 0          | 0          | 0          | 0          | 0          | 0          | 1          | 0          | 0          | 0          | 0          | 0          | 0          | 2          | 0          | 0          | 0          | 0          | 191        | 1         |
|mikael22              | 519        | 0          | 0          | 0          | 0          | 0          | 0          | 0          | 0          | 0          | 0          | 76         | 0          | 0          | 0          | 0          | 0          | 0          | 0          | 0          | 0          | 207        | 0          | 235        | 1         |
|h2o_water             | 512        | 1          | 13         | 10         | 0          | 0          | 0          | 0          | 0          | 0          | 0          | 0          | 0          | 0          | 0          | 189        | 279        | 0          | 0          | 0          | 10         | 0          | 10         | 0          | 0         |
|only_counts_evens     | 508        | 0          | 63         | 0          | 1          | 0          | 0          | 0          | 0          | 0          | 0          | 0          | 0          | 0          | 1          | 86         | 58         | 132        | 0          | 0          | 0          | 0          | 0          | 27         | 140       |
|NoBreadsticks         | 505        | 1          | 3          | 1          | 3          | 0          | 0          | 489        | 0          | 0          | 1          | 0          | 0          | 0          | 1          | 0          | 0          | 0          | 0          | 0          | 1          | 4          | 1          | 0          | 0         |
|only_counts_odds      | 500        | 0          | 239        | 0          | 0          | 0          | 0          | 0          | 0          | 0          | 0          | 0          | 0          | 0          | 1          | 0          | 72         | 140        | 0          | 0          | 16         | 12         | 0          | 20         | 0         |
|Taleri                | 499        | 0          | 81         | 180        | 78         | 61         | 64         | 35         | 0          | 0          | 0          | 0          | 0          | 0          | 0          | 0          | 0          | 0          | 0          | 0          | 0          | 0          | 0          | 0          | 0         |
|capri1722             | 499        | 2          | 0          | 0          | 0          | 0          | 0          | 0          | 0          | 0          | 0          | 0          | 0          | 0          | 0          | 33         | 174        | 0          | 0          | 0          | 44         | 0          | 0          | 62         | 184       |
|AgentBunz             | 496        | 0          | 0          | 0          | 0          | 0          | 0          | 0          | 0          | 0          | 79         | 0          | 0          | 0          | 0          | 0          | 0          | 0          | 0          | 0          | 0          | 34         | 383        | 0          | 0         |
|runforrestrun36       | 496        | 1          | 0          | 0          | 0          | 0          | 0          | 0          | 0          | 0          | 0          | 0          | 0          | 0          | 0          | 0          | 0          | 0          | 0          | 0          | 333        | 162        | 0          | 0          | 0         |
|mikshel269            | 487        | 217        | 22         | 0          | 4          | 31         | 0          | 0          | 0          | 0          | 0          | 11         | 0          | 0          | 0          | 0          | 0          | 0          | 0          | 90         | 0          | 91         | 20         | 0          | 1         |
|DavetheDave_          | 482        | 0          | 0          | 0          | 0          | 10         | 15         | 3          | 45         | 17         | 3          | 53         | 76         | 47         | 128        | 19         | 1          | 33         | 14         | 7          | 8          | 3          | 0          | 0          | 0         |
|Dtomooo               | 481        | 0          | 0          | 0          | 0          | 0          | 2          | 6          | 6          | 62         | 2          | 63         | 8          | 26         | 40         | 5          | 1          | 30         | 223        | 4          | 2          | 1          | 0          | 0          | 0         |
|viroverix             | 457        | 0          | 0          | 0          | 0          | 0          | 0          | 0          | 0          | 0          | 0          | 0          | 0          | 0          | 0          | 0          | 372        | 5          | 73         | 7          | 0          | 0          | 0          | 0          | 0         |
|mxguy794              | 446        | 397        | 41         | 8          | 0          | 0          | 0          | 0          | 0          | 0          | 0          | 0          | 0          | 0          | 0          | 0          | 0          | 0          | 0          | 0          | 0          | 0          | 0          | 0          | 0         |
|TOP_74                | 413        | 1          | 0          | 0          | 0          | 0          | 0          | 0          | 0          | 0          | 0          | 0          | 0          | 0          | 0          | 0          | 0          | 1          | 0          | 36         | 4          | 0          | 2          | 4          | 365       |
|pie3636               | 384        | 0          | 0          | 0          | 0          | 0          | 0          | 0          | 0          | 0          | 0          | 0          | 0          | 8          | 7          | 3          | 0          | 0          | 0          | 140        | 222        | 4          | 0          | 0          | 0         |
|LeinadFork            | 361        | 1          | 0          | 0          | 0          | 0          | 0          | 0          | 0          | 0          | 2          | 1          | 3          | 4          | 11         | 304        | 4          | 5          | 2          | 8          | 5          | 6          | 1          | 2          | 2         |
|Ynax                  | 341        | 0          | 0          | 0          | 1          | 6          | 0          | 0          | 0          | 1          | 0          | 1          | 2          | 8          | 102        | 2          | 41         | 176        | 1          | 0          | 0          | 0          | 0          | 0          | 0         |
|TheRealRow1           | 336        | 0          | 2          | 0          | 109        | 209        | 12         | 0          | 1          | 0          | 2          | 1          | 0          | 0          | 0          | 0          | 0          | 0          | 0          | 0          | 0          | 0          | 0          | 0          | 0         |
|howtoaddict           | 326        | 19         | 39         | 32         | 80         | 8          | 0          | 1          | 0          | 0          | 0          | 0          | 2          | 11         | 12         | 6          | 8          | 4          | 0          | 73         | 0          | 0          | 0          | 6          | 25        |
|ThatPizzaGuy12        | 322        | 0          | 0          | 0          | 0          | 0          | 1          | 0          | 21         | 185        | 0          | 67         | 0          | 0          | 0          | 0          | 28         | 6          | 0          | 0          | 14         | 0          | 0          | 0          | 0         |
|TOP_420               | 321        | 3          | 38         | 57         | 1          | 1          | 127        | 52         | 0          | 0          | 0          | 38         | 0          | 0          | 0          | 0          | 0          | 0          | 0          | 0          | 0          | 0          | 0          | 3          | 1         |
|shelvac2              | 319        | 0          | 0          | 0          | 0          | 0          | 101        | 0          | 1          | 0          | 0          | 0          | 0          | 27         | 2          | 4          | 0          | 0          | 0          | 0          | 0          | 0          | 0          | 0          | 184       |
|andreaslordos         | 304        | 0          | 0          | 0          | 0          | 0          | 0          | 0          | 0          | 0          | 71         | 0          | 0          | 1          | 29         | 203        | 0          | 0          | 0          | 0          | 0          | 0          | 0          | 0          | 0         |
|wertercatt            | 304        | 1          | 5          | 28         | 0          | 0          | 0          | 0          | 0          | 0          | 0          | 0          | 3          | 0          | 57         | 130        | 4          | 0          | 11         | 25         | 0          | 6          | 30         | 4          | 0         |
|ente3000              | 301        | 0          | 0          | 0          | 2          | 12         | 0          | 0          | 0          | 1          | 4          | 148        | 83         | 5          | 0          | 0          | 46         | 0          | 0          | 0          | 0          | 0          | 0          | 0          | 0         |
|so4_sulphate          | 300        | 0          | 0          | 0          | 94         | 118        | 0          | 0          | 1          | 54         | 33         | 0          | 0          | 0          | 0          | 0          | 0          | 0          | 0          | 0          | 0          | 0          | 0          | 0          | 0         |
|Phoenixness           | 298        | 0          | 0          | 0          | 0          | 0          | 1          | 62         | 0          | 75         | 4          | 4          | 1          | 0          | 0          | 0          | 0          | 109        | 42         | 0          | 0          | 0          | 0          | 0          | 0         |
|Georgia_Orwell        | 294        | 0          | 0          | 0          | 0          | 10         | 0          | 0          | 0          | 0          | 0          | 0          | 0          | 0          | 0          | 5          | 0          | 0          | 0          | 97         | 151        | 31         | 0          | 0          | 0         |
|Badithan1             | 293        | 66         | 0          | 0          | 0          | 0          | 0          | 0          | 0          | 2          | 0          | 0          | 0          | 0          | 1          | 0          | 0          | 1          | 25         | 133        | 14         | 0          | 0          | 7          | 44        |
|DaanHai               | 286        | 0          | 0          | 0          | 0          | 0          | 0          | 1          | 14         | 1          | 52         | 114        | 7          | 16         | 0          | 0          | 78         | 3          | 0          | 0          | 0          | 0          | 0          | 0          | 0         |
|55645Nato             | 286        | 2          | 0          | 8          | 0          | 0          | 0          | 0          | 0          | 0          | 0          | 1          | 0          | 1          | 1          | 9          | 1          | 0          | 6          | 0          | 2          | 0          | 0          | 34         | 221       |
|Oddiology             | 275        | 0          | 0          | 0          | 0          | 0          | 0          | 0          | 0          | 0          | 0          | 0          | 2          | 12         | 0          | 16         | 10         | 15         | 66         | 146        | 8          | 0          | 0          | 0          | 0         |
|anothershittyalt      | 271        | 4          | 5          | 3          | 3          | 3          | 0          | 0          | 0          | 0          | 0          | 0          | 0          | 0          | 14         | 10         | 0          | 1          | 0          | 0          | 2          | 0          | 6          | 210        | 10        |
|rich3s                | 257        | 30         | 53         | 3          | 2          | 1          | 0          | 2          | 0          | 0          | 0          | 0          | 0          | 0          | 0          | 0          | 0          | 5          | 0          | 77         | 41         | 0          | 15         | 2          | 26        |
|notajumbleofnumbers   | 252        | 5          | 3          | 2          | 0          | 0          | 0          | 0          | 0          | 0          | 0          | 0          | 0          | 0          | 0          | 0          | 0          | 0          | 0          | 2          | 0          | 2          | 37         | 199        | 2         |
|_zachhall             | 237        | 54         | 61         | 17         | 0          | 0          | 0          | 0          | 0          | 0          | 0          | 1          | 1          | 4          | 10         | 3          | 0          | 0          | 0          | 0          | 2          | 5          | 8          | 1          | 70        |
|po4_phosphate         | 235        | 0          | 1          | 2          | 107        | 85         | 0          | 0          | 1          | 36         | 0          | 0          | 1          | 0          | 2          | 0          | 0          | 0          | 0          | 0          | 0          | 0          | 0          | 0          | 0         |
|kawzeg                | 232        | 0          | 0          | 0          | 0          | 0          | 0          | 20         | 0          | 0          | 0          | 0          | 0          | 1          | 0          | 0          | 0          | 0          | 0          | 1          | 6          | 199        | 5          | 0          | 0         |
|pigbreadwasabi        | 231        | 0          | 59         | 0          | 9          | 1          | 6          | 1          | 47         | 73         | 0          | 0          | 0          | 0          | 0          | 0          | 0          | 0          | 0          | 0          | 0          | 0          | 16         | 19         | 0         |
|everymemeisthesamek   | 230        | 43         | 2          | 0          | 0          | 0          | 0          | 0          | 0          | 0          | 0          | 0          | 1          | 0          | 17         | 1          | 39         | 4          | 0          | 0          | 0          | 0          | 4          | 66         | 53        |
|no3_nitrate           | 229        | 10         | 17         | 2          | 51         | 122        | 1          | 0          | 0          | 2          | 0          | 1          | 0          | 0          | 0          | 0          | 0          | 0          | 0          | 0          | 0          | 0          | 0          | 20         | 3         |
|Poolala_              | 228        | 39         | 97         | 21         | 1          | 0          | 0          | 0          | 0          | 0          | 0          | 0          | 0          | 0          | 0          | 0          | 7          | 10         | 0          | 0          | 1          | 1          | 0          | 0          | 51        |
|RedsAnatomy           | 228        | 0          | 0          | 0          | 0          | 0          | 0          | 0          | 0          | 0          | 0          | 0          | 0          | 0          | 0          | 0          | 0          | 0          | 0          | 228        | 0          | 0          | 0          | 0          | 0         |
|jorj112               | 224        | 0          | 0          | 36         | 50         | 0          | 0          | 0          | 0          | 1          | 3          | 0          | 1          | 0          | 0          | 3          | 4          | 1          | 0          | 36         | 4          | 0          | 0          | 23         | 62        |
|Haxalicious           | 224        | 0          | 0          | 0          | 0          | 0          | 0          | 0          | 0          | 0          | 0          | 0          | 0          | 0          | 0          | 0          | 0          | 0          | 0          | 0          | 211        | 11         | 0          | 0          | 2         |
|Thissomebshere        | 217        | 0          | 0          | 1          | 0          | 0          | 0          | 0          | 0          | 1          | 0          | 0          | 0          | 0          | 0          | 0          | 1          | 3          | 0          | 0          | 0          | 211        | 0          | 0          | 0         |
|Intelligentstocks     | 211        | 0          | 0          | 0          | 96         | 48         | 1          | 45         | 0          | 13         | 0          | 0          | 0          | 2          | 0          | 0          | 3          | 0          | 1          | 2          | 0          | 0          | 0          | 0          | 0         |
|parker_hyper-cube     | 207        | 1          | 0          | 0          | 0          | 0          | 0          | 0          | 0          | 0          | 0          | 0          | 0          | 0          | 0          | 0          | 56         | 0          | 0          | 0          | 0          | 1          | 0          | 3          | 146       |
|dgsmd                 | 204        | 10         | 89         | 0          | 0          | 0          | 0          | 0          | 0          | 0          | 2          | 3          | 0          | 4          | 0          | 6          | 0          | 1          | 1          | 16         | 36         | 0          | 0          | 0          | 36        |
|Iamrapid36            | 204        | 190        | 0          | 0          | 0          | 0          | 0          | 0          | 0          | 0          | 0          | 0          | 0          | 0          | 0          | 0          | 0          | 0          | 1          | 0          | 6          | 7          | 0          | 0          | 0         |
|TOP_18                | 200        | 12         | 116        | 0          | 0          | 0          | 0          | 0          | 0          | 0          | 0          | 0          | 0          | 0          | 0          | 0          | 0          | 3          | 0          | 0          | 0          | 2          | 18         | 40         | 9         |
|Bff_forever           | 198        | 0          | 0          | 0          | 0          | 0          | 0          | 0          | 0          | 0          | 0          | 9          | 27         | 1          | 2          | 0          | 0          | 0          | 0          | 0          | 0          | 59         | 0          | 0          | 100       |
|TOP_747               | 197        | 64         | 0          | 1          | 0          | 0          | 0          | 0          | 0          | 0          | 0          | 0          | 0          | 0          | 0          | 0          | 0          | 0          | 0          | 0          | 1          | 0          | 0          | 0          | 131       |
|Ggggodlike2809        | 192        | 0          | 0          | 0          | 0          | 0          | 0          | 125        | 42         | 0          | 0          | 0          | 0          | 0          | 0          | 0          | 0          | 0          | 0          | 0          | 0          | 4          | 9          | 11         | 1         |
|Toriel420             | 191        | 0          | 0          | 0          | 0          | 0          | 0          | 75         | 116        | 0          | 0          | 0          | 0          | 0          | 0          | 0          | 0          | 0          | 0          | 0          | 0          | 0          | 0          | 0          | 0         |
|piyushsharma369       | 179        | 0          | 13         | 64         | 0          | 0          | 1          | 0          | 1          | 0          | 0          | 0          | 4          | 0          | 0          | 0          | 0          | 0          | 94         | 0          | 2          | 0          | 0          | 0          | 0         |
|D33rp                 | 178        | 12         | 12         | 1          | 0          | 0          | 0          | 0          | 0          | 0          | 0          | 0          | 0          | 1          | 1          | 0          | 26         | 16         | 2          | 6          | 1          | 1          | 42         | 42         | 15        |
|tno1                  | 177        | 0          | 0          | 0          | 0          | 0          | 0          | 0          | 0          | 0          | 0          | 0          | 0          | 0          | 0          | 0          | 0          | 0          | 0          | 0          | 177        | 0          | 0          | 0          | 0         |
|overdrafts            | 177        | 15         | 17         | 3          | 45         | 2          | 1          | 0          | 0          | 0          | 0          | 0          | 0          | 0          | 0          | 0          | 0          | 2          | 26         | 0          | 0          | 0          | 2          | 21         | 43        |
|Intercalibration      | 176        | 46         | 37         | 0          | 40         | 0          | 0          | 0          | 0          | 0          | 0          | 0          | 0          | 0          | 0          | 0          | 0          | 0          | 0          | 0          | 0          | 0          | 0          | 4          | 49        |
|EnoughALTSAlready     | 174        | 1          | 0          | 2          | 0          | 0          | 0          | 0          | 0          | 0          | 0          | 0          | 0          | 0          | 0          | 0          | 0          | 0          | 0          | 0          | 0          | 3          | 167        | 0          | 1         |
|brubby13              | 171        | 0          | 0          | 0          | 0          | 9          | 51         | 0          | 0          | 6          | 105        | 0          | 0          | 0          | 0          | 0          | 0          | 0          | 0          | 0          | 0          | 0          | 0          | 0          | 0         |
|Level-Mars-Club       | 171        | 1          | 0          | 1          | 0          | 0          | 0          | 0          | 0          | 0          | 0          | 0          | 0          | 0          | 0          | 0          | 0          | 2          | 0          | 0          | 0          | 0          | 52         | 115        | 0         |
|HungryDomo            | 169        | 0          | 0          | 0          | 0          | 0          | 0          | 0          | 0          | 0          | 0          | 0          | 0          | 0          | 1          | 0          | 0          | 0          | 168        | 0          | 0          | 0          | 0          | 0          | 0         |
|new_artbn             | 167        | 0          | 0          | 0          | 1          | 73         | 0          | 0          | 1          | 89         | 0          | 0          | 0          | 2          | 1          | 0          | 0          | 0          | 0          | 0          | 0          | 0          | 0          | 0          | 0         |
|RedditAlpaca          | 165        | 0          | 12         | 0          | 0          | 0          | 0          | 0          | 0          | 0          | 0          | 0          | 0          | 0          | 43         | 0          | 0          | 57         | 17         | 0          | 0          | 0          | 0          | 3          | 33        |
|c4h4n2o3_barbiturate  | 162        | 0          | 0          | 82         | 17         | 42         | 19         | 0          | 0          | 0          | 0          | 0          | 0          | 0          | 0          | 1          | 1          | 0          | 0          | 0          | 0          | 0          | 0          | 0          | 0         |
|FunkyDuckling         | 161        | 0          | 0          | 0          | 0          | 0          | 0          | 0          | 0          | 0          | 0          | 0          | 0          | 0          | 0          | 0          | 0          | 149        | 12         | 0          | 0          | 0          | 0          | 0          | 0         |
|FartyMcNarty          | 159        | 1          | 0          | 0          | 0          | 0          | 0          | 0          | 0          | 0          | 0          | 2          | 1          | 2          | 146        | 0          | 6          | 0          | 0          | 1          | 0          | 0          | 0          | 0          | 0         |
|BIessthefaII          | 158        | 0          | 0          | 0          | 0          | 0          | 0          | 0          | 0          | 0          | 0          | 0          | 0          | 0          | 0          | 0          | 0          | 0          | 0          | 0          | 0          | 1          | 157        | 0          | 0         |
|TOP_12376             | 155        | 0          | 0          | 0          | 1          | 149        | 0          | 0          | 0          | 0          | 0          | 0          | 0          | 0          | 0          | 0          | 5          | 0          | 0          | 0          | 0          | 0          | 0          | 0          | 0         |
|CHUCK_NORRIS_AMA      | 154        | 0          | 0          | 0          | 0          | 0          | 0          | 0          | 0          | 0          | 0          | 0          | 0          | 0          | 0          | 0          | 0          | 0          | 0          | 2          | 115        | 37         | 0          | 0          | 0         |
|VitaminB420           | 154        | 0          | 0          | 0          | 0          | 0          | 0          | 0          | 0          | 0          | 0          | 0          | 0          | 0          | 0          | 89         | 0          | 0          | 0          | 0          | 64         | 1          | 0          | 0          | 0         |
|xia__                 | 152        | 4          | 0          | 0          | 1          | 0          | 0          | 0          | 0          | 0          | 0          | 0          | 0          | 0          | 0          | 0          | 35         | 112        | 0          | 0          | 0          | 0          | 0          | 0          | 0         |
|bro4_perbromate       | 151        | 91         | 12         | 0          | 0          | 0          | 0          | 0          | 0          | 0          | 0          | 0          | 0          | 0          | 0          | 0          | 0          | 0          | 0          | 0          | 0          | 0          | 40         | 8          | 0         |
|AnotherPikaAlt        | 148        | 148        | 0          | 0          | 0          | 0          | 0          | 0          | 0          | 0          | 0          | 0          | 0          | 0          | 0          | 0          | 0          | 0          | 0          | 0          | 0          | 0          | 0          | 0          | 0         |
|TheSimpleArtist       | 147        | 19         | 12         | 2          | 31         | 2          | 0          | 0          | 0          | 0          | 1          | 0          | 0          | 0          | 5          | 12         | 1          | 0          | 3          | 14         | 0          | 3          | 8          | 15         | 19        |
|Greypo                | 145        | 0          | 0          | 0          | 5          | 66         | 0          | 0          | 7          | 3          | 0          | 0          | 0          | 0          | 0          | 0          | 0          | 0          | 1          | 0          | 21         | 0          | 7          | 1          | 34        |
|Urblu                 | 144        | 105        | 1          | 0          | 0          | 0          | 0          | 0          | 0          | 0          | 0          | 0          | 0          | 0          | 0          | 0          | 0          | 1          | 0          | 36         | 0          | 0          | 1          | 0          | 0         |
|OrganicFlu            | 143        | 0          | 0          | 0          | 0          | 0          | 0          | 0          | 0          | 0          | 0          | 0          | 0          | 0          | 0          | 0          | 0          | 0          | 0          | 0          | 0          | 0          | 143        | 0          | 0         |
|CyanLights            | 143        | 0          | 0          | 0          | 0          | 0          | 0          | 0          | 0          | 0          | 0          | 0          | 0          | 0          | 0          | 0          | 0          | 0          | 0          | 0          | 0          | 4          | 139        | 0          | 0         |
|Wasp44                | 140        | 1          | 0          | 4          | 0          | 0          | 0          | 0          | 0          | 0          | 0          | 0          | 0          | 0          | 0          | 0          | 0          | 0          | 91         | 0          | 1          | 0          | 42         | 1          | 0         |
|Sultanoshred          | 136        | 11         | 14         | 0          | 0          | 0          | 0          | 0          | 0          | 0          | 44         | 58         | 7          | 0          | 0          | 0          | 0          | 0          | 2          | 0          | 0          | 0          | 0          | 0          | 0         |
|Cinderella420         | 135        | 0          | 0          | 134        | 1          | 0          | 0          | 0          | 0          | 0          | 0          | 0          | 0          | 0          | 0          | 0          | 0          | 0          | 0          | 0          | 0          | 0          | 0          | 0          | 0         |
|_lastrik              | 132        | 0          | 0          | 0          | 0          | 0          | 0          | 0          | 0          | 0          | 0          | 0          | 0          | 0          | 0          | 0          | 118        | 14         | 0          | 0          | 0          | 0          | 0          | 0          | 0         |
|TOP_369               | 132        | 0          | 0          | 0          | 4          | 0          | 2          | 1          | 4          | 11         | 45         | 0          | 0          | 0          | 0          | 0          | 0          | 65         | 0          | 0          | 0          | 0          | 0          | 0          | 0         |
|False1512             | 129        | 0          | 0          | 0          | 0          | 0          | 0          | 0          | 0          | 0          | 0          | 0          | 0          | 0          | 0          | 0          | 0          | 0          | 0          | 0          | 0          | 53         | 43         | 31         | 2         |
|BarryGB               | 128        | 0          | 0          | 0          | 0          | 0          | 0          | 1          | 0          | 2          | 0          | 1          | 0          | 90         | 0          | 6          | 27         | 1          | 0          | 0          | 0          | 0          | 0          | 0          | 0         |
|minibug               | 127        | 1          | 22         | 23         | 0          | 0          | 1          | 0          | 0          | 0          | 0          | 0          | 0          | 0          | 0          | 0          | 0          | 0          | 0          | 0          | 1          | 0          | 1          | 1          | 77        |
|Gc1998                | 125        | 0          | 0          | 0          | 0          | 0          | 1          | 0          | 0          | 0          | 47         | 32         | 44         | 0          | 0          | 0          | 0          | 0          | 0          | 0          | 0          | 1          | 0          | 0          | 0         |
|DaWalrusSavior        | 124        | 23         | 82         | 0          | 0          | 0          | 0          | 0          | 0          | 0          | 0          | 0          | 3          | 0          | 1          | 0          | 2          | 0          | 5          | 0          | 0          | 5          | 1          | 0          | 2         |
|themirk91             | 123        | 0          | 0          | 0          | 0          | 0          | 0          | 0          | 1          | 0          | 120        | 1          | 1          | 0          | 0          | 0          | 0          | 0          | 0          | 0          | 0          | 0          | 0          | 0          | 0         |
|amazingsuicune_38     | 123        | 0          | 0          | 1          | 49         | 51         | 0          | 1          | 1          | 19         | 1          | 0          | 0          | 0          | 0          | 0          | 0          | 0          | 0          | 0          | 0          | 0          | 0          | 0          | 0         |
|TOP_2                 | 120        | 9          | 33         | 0          | 16         | 0          | 14         | 19         | 0          | 0          | 0          | 0          | 0          | 0          | 0          | 0          | 0          | 0          | 29         | 0          | 0          | 0          | 0          | 0          | 0         |
|Hayleltheabyssal      | 120        | 0          | 0          | 0          | 0          | 0          | 98         | 22         | 0          | 0          | 0          | 0          | 0          | 0          | 0          | 0          | 0          | 0          | 0          | 0          | 0          | 0          | 0          | 0          | 0         |
|illfuckyourmother     | 119        | 119        | 0          | 0          | 0          | 0          | 0          | 0          | 0          | 0          | 0          | 0          | 0          | 0          | 0          | 0          | 0          | 0          | 0          | 0          | 0          | 0          | 0          | 0          | 0         |
|friedelcraft          | 118        | 0          | 0          | 0          | 0          | 0          | 0          | 0          | 0          | 29         | 1          | 88         | 0          | 0          | 0          | 0          | 0          | 0          | 0          | 0          | 0          | 0          | 0          | 0          | 0         |
|HelloIAmNormal        | 118        | 0          | 0          | 0          | 3          | 0          | 0          | 0          | 0          | 0          | 0          | 0          | 47         | 5          | 0          | 0          | 0          | 63         | 0          | 0          | 0          | 0          | 0          | 0          | 0         |
|db2c_burritate        | 116        | 71         | 0          | 0          | 0          | 0          | 0          | 0          | 0          | 0          | 0          | 0          | 0          | 0          | 0          | 0          | 0          | 45         | 0          | 0          | 0          | 0          | 0          | 0          | 0         |
|youlesees             | 116        | 0          | 0          | 0          | 0          | 0          | 0          | 0          | 0          | 0          | 0          | 0          | 0          | 0          | 0          | 0          | 0          | 0          | 0          | 0          | 116        | 0          | 0          | 0          | 0         |
|refusalpoi            | 111        | 0          | 0          | 0          | 0          | 0          | 0          | 0          | 0          | 0          | 0          | 0          | 0          | 0          | 0          | 0          | 111        | 0          | 0          | 0          | 0          | 0          | 0          | 0          | 0         |
|aelenda               | 110        | 110        | 0          | 0          | 0          | 0          | 0          | 0          | 0          | 0          | 0          | 0          | 0          | 0          | 0          | 0          | 0          | 0          | 0          | 0          | 0          | 0          | 0          | 0          | 0         |
|jm_03                 | 108        | 98         | 0          | 0          | 0          | 0          | 0          | 0          | 0          | 0          | 0          | 0          | 0          | 0          | 0          | 0          | 0          | 0          | 0          | 0          | 0          | 0          | 9          | 0          | 1         |
|VoxelToPixel          | 108        | 0          | 0          | 0          | 0          | 0          | 0          | 0          | 0          | 0          | 0          | 0          | 0          | 0          | 0          | 0          | 0          | 0          | 0          | 22         | 86         | 0          | 0          | 0          | 0         |
|SilverDreamForever    | 108        | 0          | 0          | 0          | 0          | 0          | 49         | 0          | 2          | 39         | 18         | 0          | 0          | 0          | 0          | 0          | 0          | 0          | 0          | 0          | 0          | 0          | 0          | 0          | 0         |
|Renal_Toothpaste      | 107        | 94         | 0          | 0          | 0          | 0          | 0          | 0          | 0          | 0          | 0          | 0          | 0          | 0          | 0          | 0          | 0          | 0          | 1          | 0          | 0          | 0          | 0          | 0          | 12        |
|I_Like_Stats_Facts    | 107        | 1          | 27         | 0          | 0          | 6          | 0          | 0          | 0          | 1          | 0          | 0          | 0          | 0          | 0          | 0          | 0          | 0          | 0          | 0          | 0          | 2          | 52         | 12         | 6         |
|TheNakedRedditor      | 105        | 0          | 0          | 0          | 0          | 0          | 0          | 0          | 0          | 0          | 0          | 5          | 5          | 7          | 30         | 1          | 7          | 8          | 31         | 11         | 0          | 0          | 0          | 0          | 0         |
|Shyenetta             | 103        | 0          | 0          | 0          | 0          | 0          | 0          | 0          | 0          | 0          | 0          | 0          | 0          | 0          | 0          | 103        | 0          | 0          | 0          | 0          | 0          | 0          | 0          | 0          | 0         |
|Moony22               | 102        | 0          | 0          | 0          | 0          | 0          | 0          | 0          | 0          | 1          | 0          | 0          | 1          | 2          | 2          | 0          | 0          | 0          | 1          | 95         | 0          | 0          | 0          | 0          | 0         |
